8.212002754211425781e+00
8.221997261047363281e+00
8.232002258300781250e+00
8.241998672485351562e+00
8.251996994018554688e+00
8.262003898620605469e+00
8.272002220153808594e+00
8.282002449035644531e+00
8.292001724243164062e+00
8.302001953125000000e+00
8.312002182006835938e+00
8.312998771667480469e+00
8.314002037048339844e+00
8.314998626708984375e+00
8.316002845764160156e+00
8.316999435424804688e+00
8.317996978759765625e+00
8.319002151489257812e+00
8.319999694824218750e+00
8.320997238159179688e+00
8.322003364562988281e+00
8.323000907897949219e+00
8.323999404907226562e+00
8.324997901916503906e+00
8.325997352600097656e+00
8.326995849609375000e+00
8.328003883361816406e+00
8.329003334045410156e+00
8.330002784729003906e+00
8.331003189086914062e+00
8.332003593444824219e+00
8.333003997802734375e+00
8.333996772766113281e+00
8.334998130798339844e+00
8.335999488830566406e+00
8.337000846862792969e+00
8.338002204895019531e+00
8.338995933532714844e+00
8.339998245239257812e+00
8.341001510620117188e+00
8.342003822326660156e+00
8.342998504638671875e+00
8.344001770019531250e+00
8.344997406005859375e+00
8.346001625061035156e+00
8.346997261047363281e+00
8.348001480102539062e+00
8.348997116088867188e+00
8.350002288818359375e+00
8.350998878479003906e+00
8.351996421813964844e+00
8.353001594543457031e+00
8.353999137878417969e+00
8.354996681213378906e+00
8.356002807617187500e+00
8.357001304626464844e+00
8.357999801635742188e+00
8.358998298645019531e+00
8.359997749328613281e+00
8.360996246337890625e+00
8.361995697021484375e+00
8.363003730773925781e+00
8.364004135131835938e+00
8.365004539489746094e+00
8.365996360778808594e+00
8.366996765136718750e+00
8.367998123168945312e+00
8.368998527526855469e+00
8.370000839233398438e+00
8.371002197265625000e+00
8.372003555297851562e+00
8.372997283935546875e+00
8.374000549316406250e+00
8.375002861022949219e+00
8.375997543334960938e+00
8.377000808715820312e+00
8.378004074096679688e+00
8.378998756408691406e+00
8.380002975463867188e+00
8.380998611450195312e+00
8.382002830505371094e+00
8.382999420166015625e+00
8.384004592895507812e+00
8.385001182556152344e+00
8.385997772216796875e+00
8.387003898620605469e+00
8.388001441955566406e+00
8.388998985290527344e+00
8.389996528625488281e+00
8.391003608703613281e+00
8.392002105712890625e+00
8.417000770568847656e+00
8.457003593444824219e+00
8.497003555297851562e+00
8.537003517150878906e+00
8.576997756958007812e+00
8.616998672485351562e+00
8.656999588012695312e+00
8.696995735168457031e+00
8.737000465393066406e+00
8.776997566223144531e+00
