7.075850000000000364e+03
7.081250000000000000e+03
7.086250000000000000e+03
7.091050000000000182e+03
7.096250000000000000e+03
7.101149999999999636e+03
7.106149999999999636e+03
7.107250000000000000e+03
7.108250000000000000e+03
7.109250000000000000e+03
7.110149999999999636e+03
7.111250000000000000e+03
7.112250000000000000e+03
7.113250000000000000e+03
7.114250000000000000e+03
7.115250000000000000e+03
7.116149999999999636e+03
7.117149999999999636e+03
7.118250000000000000e+03
7.119149999999999636e+03
7.120250000000000000e+03
7.121250000000000000e+03
7.122149999999999636e+03
7.123250000000000000e+03
7.124250000000000000e+03
7.125250000000000000e+03
7.126250000000000000e+03
7.127149999999999636e+03
7.128250000000000000e+03
7.129250000000000000e+03
7.130250000000000000e+03
7.131250000000000000e+03
7.132149999999999636e+03
7.133250000000000000e+03
7.134250000000000000e+03
7.135149999999999636e+03
7.136250000000000000e+03
7.137250000000000000e+03
7.138250000000000000e+03
7.139250000000000000e+03
7.140149999999999636e+03
7.141250000000000000e+03
7.142250000000000000e+03
7.143250000000000000e+03
7.144250000000000000e+03
7.145250000000000000e+03
7.146250000000000000e+03
7.147250000000000000e+03
7.148250000000000000e+03
7.149149999999999636e+03
7.150149999999999636e+03
7.151250000000000000e+03
7.152149999999999636e+03
7.153250000000000000e+03
7.154250000000000000e+03
7.155149999999999636e+03
7.156250000000000000e+03
7.157250000000000000e+03
7.158250000000000000e+03
7.159250000000000000e+03
7.160250000000000000e+03
7.161149999999999636e+03
7.162250000000000000e+03
7.163250000000000000e+03
7.164149999999999636e+03
7.165250000000000000e+03
7.165850000000000364e+03
7.171250000000000000e+03
7.175949999999999818e+03
7.180850000000000364e+03
7.186250000000000000e+03
7.190949999999999818e+03
7.196250000000000000e+03
