700.000
700.375
700.750
701.125
701.500
701.875
702.250
702.625
703.000
703.202
703.404
703.606
703.808
704.010
704.212
704.414
704.616
704.818
705.020
705.222
705.424
705.626
705.828
706.030
706.232
706.434
706.636
706.838
707.040
707.242
707.444
707.646
707.848
708.050
708.252
708.454
708.656
708.858
709.060
709.262
709.464
709.666
709.868
710.070
710.272
710.474
710.676
710.878
711.080
711.282
711.484
711.686
711.888
712.090
712.292
712.494
712.696
712.898
713.100
713.302
713.504
713.706
713.908
714.110
714.312
714.514
714.716
714.918
715.120
715.322
715.524
715.726
715.928
716.130
716.332
716.534
716.736
716.938
717.140
717.342
717.544
717.746
717.948
718.150
718.352
718.554
718.756
718.958
719.160
719.362
719.564
719.766
719.968
720.170
720.357
720.714
721.071
721.428
721.785
722.142
722.499
722.856
723.213
723.570
723.927
724.284
724.641
724.998
725.355
725.712
726.069
726.426
726.783
727.140
727.497
727.854
728.211
728.568
728.925
729.282
729.639
729.996
730.353